$linear.output
[1] TRUE

$data
     Wejscie   Wyjscie
1   6.197789 38.414616
2   2.267688  5.245960
3   3.888176 15.138395
4   4.880896 23.830740
5   4.754272 22.611716
6   4.403909 19.406647
7   3.418218 11.716987
8   3.791000 14.394251
9   9.859130 97.202502
10  3.238127 10.524706
11  4.812391 23.167234
12  4.875809 23.781139
13  5.106156 26.078887
14  1.177536  1.694628
15  5.073449 25.746142
16  1.715599  3.123135
17  4.096087 16.794570
18  9.145852 83.646719
19  7.677274 58.941004
20  6.330195 40.073146
21  7.391886 54.640596
22  9.596057 92.084383
23  8.464406 71.646384
24  1.017559  1.396902
25  1.695702  3.058875
26  9.724423 94.564469
27  9.977157 99.543706
28  1.244932  1.837816
29  5.254943 27.619644
30  8.777484 77.044376
31  1.194233  1.729129
32  8.606375 74.069875
33  2.619919  6.936787
34  4.966193 24.670040
35  1.645364  2.900166
36  6.451556 41.624149
37  7.177790 51.521428
38  7.388341 54.588199
39  5.108869 26.106582
40  7.977572 63.642005
41  1.358793  2.103289
42  4.411693 19.475166
43  9.429729 88.919873
44  7.197781 51.808800
45  9.649722 93.117193
46  6.455499 41.675042
47  4.632807 21.472632
48  7.861584 61.804893
49  7.207512 51.948972
50  6.141162 37.716028
51  7.625803 58.153366
52  3.798647 14.452121
53  3.578135 12.830977
54  7.732904 59.798237
55  4.605722 21.222671
56  9.762426 95.305027
57  4.964147 24.649742
58  8.408317 70.700026
59  3.579025 12.837324
60  4.806601 23.111593
61  2.499977  6.331971
62  5.165904 26.692268
63  4.448524 19.801063
64  6.243666 38.985308
65  4.008314 16.084744
66  4.285181 18.376551
67  4.749129 22.562883
68  5.362338 28.759356
69  7.087835 50.238239
70  6.282691 39.474076
71  2.383057  5.771231
72  1.104174  1.550684
73  6.242894 38.975664
74  4.941614 24.426693
75  8.665369 75.088793
76  5.118707 26.207148
77  4.302394 18.524127
78  4.562582 20.827587
79  9.127537 83.312036
80  6.652509 44.257164
81  2.734217  7.540885
82  1.844459  3.560138
83  8.786431 77.201526
84  9.747909 95.021780
85  9.823413 96.499504
86  6.398390 40.941058
87  3.651321 13.358104
88  7.721883 59.627913
89  8.006143 64.098660
90  7.496594 56.199474
91  4.206711 17.711311
92  9.169585 84.081386
93  3.342428 11.207177
94  3.113816  9.740283
95  1.976827  4.046353
96  7.659318 58.665626
97  3.830207 14.692190
98  3.610200 13.060593
99  9.632317 92.781587
100 4.156032 17.288272

$exclude
NULL

$net.result
$net.result[[1]]
            [,1]
  [1,] 38.418211
  [2,]  5.234746
  [3,] 15.142452
  [4,] 23.828859
  [5,] 22.607892
  [6,] 19.402285
  [7,] 11.721912
  [8,] 14.399620
  [9,] 97.199665
 [10,] 10.525889
 [11,] 23.164205
 [12,] 23.779165
 [13,] 26.081847
 [14,]  1.693780
 [15,] 25.748343
 [16,]  3.139516
 [17,] 16.794892
 [18,] 83.637192
 [19,] 58.946013
 [20,] 40.073167
 [21,] 54.638291
 [22,] 92.094835
 [23,] 71.647213
 [24,]  1.361877
 [25,]  3.076124
 [26,] 94.574441
 [27,] 99.512643
 [28,]  1.846074
 [29,] 27.626002
 [30,] 77.035157
 [31,]  1.730801
 [32,] 74.065853
 [33,]  6.921780
 [34,] 24.669848
 [35,]  2.919339
 [36,] 41.620978
 [37,] 51.514341
 [38,] 54.585804
 [39,] 26.109606
 [40,] 63.651222
 [41,]  2.121140
 [42,] 19.470735
 [43,] 88.923168
 [44,] 51.802078
 [45,] 93.128420
 [46,] 41.671771
 [47,] 21.467765
 [48,] 61.813214
 [49,] 51.942435
 [50,] 37.721081
 [51,] 58.157157
 [52,] 14.457403
 [53,] 12.837317
 [54,] 59.804443
 [55,] 21.217695
 [56,] 95.312984
 [57,] 24.649507
 [58,] 70.702655
 [59,] 12.843666
 [60,] 23.108477
 [61,]  6.316574
 [62,] 26.696619
 [63,] 19.796355
 [64,] 38.987678
 [65,] 16.086722
 [66,] 18.373605
 [67,] 22.558997
 [68,] 28.767874
 [69,] 50.229787
 [70,] 39.475389
 [71,]  5.757102
 [72,]  1.536533
 [73,] 38.978055
 [74,] 24.425989
 [75,] 75.082811
 [76,] 26.210400
 [77,] 18.520936
 [78,] 20.822531
 [79,] 83.302027
 [80,] 44.249713
 [81,]  7.527623
 [82,]  3.569911
 [83,] 77.192090
 [84,] 95.030633
 [85,] 96.501728
 [86,] 40.939254
 [87,] 13.364455
 [88,] 59.633893
 [89,] 64.107929
 [90,] 56.199926
 [91,] 17.709617
 [92,] 84.072565
 [93,] 11.210778
 [94,]  9.737909
 [95,]  4.048613
 [96,] 58.670220
 [97,] 14.697082
 [98,] 13.066985
 [99,] 92.792691
[100,] 17.287477


$weights
$weights[[1]]
$weights[[1]][[1]]
          [,1]      [,2]       [,3]       [,4]       [,5]       [,6]      [,7]
[1,] -8.700321 -10.89035 -9.7558887 -5.7011162 -2.9137804 -7.1243343 -5.061310
[2,]  1.034672   1.03162  0.9577424  0.9538943  0.9750257  0.9810411  1.033919

$weights[[1]][[2]]
           [,1]
[1,] -0.8638478
[2,] 19.9188743
[3,] 45.9307991
[4,] 18.4733427
[5,] 13.8164093
[6,] 14.2675332
[7,] 20.1358482
[8,] 12.5978065



$generalized.weights
$generalized.weights[[1]]
               [,1]
  [1,] -0.008603023
  [2,] -0.198466180
  [3,] -0.036144051
  [4,] -0.017964547
  [5,] -0.019471599
  [6,] -0.024609145
  [7,] -0.054252031
  [8,] -0.039120295
  [9,] -0.002091503
 [10,] -0.064457707
 [11,] -0.018760257
 [12,] -0.018022120
 [13,] -0.015637200
 [14,] -1.874991975
 [15,] -0.015949929
 [16,] -0.477353212
 [17,] -0.030748017
 [18,] -0.002650555
 [19,] -0.004501821
 [20,] -0.008067194
 [21,] -0.005053004
 [22,] -0.002290590
 [23,] -0.003337924
 [24,] -3.956122552
 [25,] -0.495695951
 [26,] -0.002193215
 [27,] -0.002002128
 [28,] -1.483229310
 [29,] -0.014310496
 [30,] -0.002992822
 [31,] -1.763858406
 [32,] -0.003174342
 [33,] -0.126297652
 [34,] -0.017033813
 [35,] -0.546803072
 [36,] -0.007616119
 [37,] -0.005523201
 [38,] -0.005060370
 [39,] -0.015611618
 [40,] -0.004001632
 [41,] -1.058279673
 [42,] -0.024476477
 [43,] -0.002418991
 [44,] -0.005477008
 [45,] -0.002249770
 [46,] -0.007602057
 [47,] -0.021076115
 [48,] -0.004185886
 [49,] -0.005454701
 [50,] -0.008847423
 [51,] -0.004595422
 [52,] -0.038874069
 [53,] -0.046928199
 [54,] -0.004403353
 [55,] -0.021457417
 [56,] -0.002164511
 [57,] -0.017055394
 [58,] -0.003406035
 [59,] -0.046891286
 [60,] -0.018829582
 [61,] -0.146332379
 [62,] -0.015086078
 [63,] -0.023861566
 [64,] -0.008411879
 [65,] -0.032880262
 [66,] -0.026759360
 [67,] -0.019536230
 [68,] -0.013442508
 [69,] -0.005737342
 [70,] -0.008253925
 [71,] -0.169996839
 [72,] -2.528259816
 [73,] -0.008415048
 [74,] -0.017295484
 [75,] -0.003109910
 [76,] -0.015519294
 [77,] -0.026432219
 [78,] -0.022083813
 [79,] -0.002666279
 [80,] -0.006942873
 [81,] -0.110378260
 [82,] -0.378781349
 [83,] -0.002983768
 [84,] -0.002175473
 [85,] -0.002118475
 [86,] -0.007809285
 [87,] -0.044021002
 [88,] -0.004422642
 [89,] -0.003957889
 [90,] -0.004841420
 [91,] -0.028323000
 [92,] -0.002630346
 [93,] -0.058264079
 [94,] -0.073027484
 [95,] -0.304549879
 [96,] -0.004534199
 [97,] -0.037880224
 [98,] -0.045623203
 [99,] -0.002262987
[100,] -0.029400023


$startweights
$startweights[[1]]
$startweights[[1]][[1]]
             [,1]      [,2]        [,3]       [,4]       [,5]     [,6]      [,7]
[1,]  0.006412987 0.6214246 -0.39617516  0.2693727  0.1800786 1.307299 1.3820706
[2,] -0.507426210 1.1912170  0.09330396 -0.1108808 -1.1572682 1.160413 0.7214504

$startweights[[1]][[2]]
            [,1]
[1,]  0.05112299
[2,]  0.72400565
[3,]  0.21204301
[4,] -0.20973561
[5,] -0.15238855
[6,] -0.07855808
[7,]  1.60616377
[8,] -0.81424571



$result.matrix
                               [,1]
error                  3.659332e-03
reached.threshold      9.779656e-03
steps                  4.052000e+04
Intercept.to.1layhid1 -8.700321e+00
Wejscie.to.1layhid1    1.034672e+00
Intercept.to.1layhid2 -1.089035e+01
Wejscie.to.1layhid2    1.031620e+00
Intercept.to.1layhid3 -9.755889e+00
Wejscie.to.1layhid3    9.577424e-01
Intercept.to.1layhid4 -5.701116e+00
Wejscie.to.1layhid4    9.538943e-01
Intercept.to.1layhid5 -2.913780e+00
Wejscie.to.1layhid5    9.750257e-01
Intercept.to.1layhid6 -7.124334e+00
Wejscie.to.1layhid6    9.810411e-01
Intercept.to.1layhid7 -5.061310e+00
Wejscie.to.1layhid7    1.033919e+00
Intercept.to.Wyjscie  -8.638478e-01
1layhid1.to.Wyjscie    1.991887e+01
1layhid2.to.Wyjscie    4.593080e+01
1layhid3.to.Wyjscie    1.847334e+01
1layhid4.to.Wyjscie    1.381641e+01
1layhid5.to.Wyjscie    1.426753e+01
1layhid6.to.Wyjscie    2.013585e+01
1layhid7.to.Wyjscie    1.259781e+01

attr(,"class")
[1] "nn"
> plot(net.sqrt, rep = "best")
> #Prognozowanie z pomoca˛ sieci neuronowej
> testdata <- as.data.frame(runif(300, min=1, max=10))
> net.results <- compute(net.sqrt, testdata)
> print(net.results$net.result)
            [,1]
  [1,] 31.621178
  [2,] 10.621047
  [3,]  2.780771
  [4,] 30.027152
  [5,] 38.884536
  [6,]  3.883053
  [7,] 86.081774
  [8,] 19.614095
  [9,] 45.583532
 [10,] 25.394716
 [11,]  4.921713
 [12,] 41.324170
 [13,] 35.904649
 [14,]  4.294185
 [15,]  1.356835
 [16,]  2.776580
 [17,] 21.025295
 [18,] 91.216010
 [19,] 94.391344
 [20,] 37.788984
 [21,] 40.790882
 [22,] 52.826791
 [23,] 20.000501
 [24,] 32.337411
 [25,] 80.280593
 [26,] 60.039437
 [27,]  7.482712
 [28,] 50.075992
 [29,] 80.630347
 [30,] 22.458952
 [31,]  7.170764
 [32,]  6.591785
 [33,] 40.111222
 [34,]  6.974437
 [35,] 47.008405
 [36,]  4.434182
 [37,] 50.665262
 [38,] 32.756251
 [39,]  4.392114
 [40,] 21.678103
 [41,] 77.166073
 [42,] 22.535719
 [43,] 30.948998
 [44,] 31.449533
 [45,]  7.713943
 [46,] 16.544276
 [47,] 87.494663
 [48,] 56.449624
 [49,]  3.588748
 [50,] 11.616486
 [51,] 72.302872
 [52,] 55.053277
 [53,] 74.773265
 [54,] 40.962367
 [55,]  3.014950
 [56,] 25.382047
 [57,] 14.999861
 [58,] 22.652351
 [59,] 40.807202
 [60,] 24.646132
 [61,] 15.482345
 [62,] 22.675348
 [63,]  6.797874
 [64,] 19.546290
 [65,] 61.949770
 [66,] 45.817331
 [67,] 17.614721
 [68,]  8.127919
 [69,] 44.802102
 [70,] 61.615139
 [71,] 70.194008
 [72,] 94.996783
 [73,] 12.561209
 [74,] 30.947221
 [75,] 90.680235
 [76,]  4.176709
 [77,]  4.156956
 [78,]  3.144251
 [79,]  3.661777
 [80,] 12.267117
 [81,] 37.706303
 [82,] 48.710277
 [83,] 80.313501
 [84,] 90.601475
 [85,] 92.150331
 [86,] 49.018115
 [87,] 86.630491
 [88,] 87.985151
 [89,] 55.932930
 [90,]  1.421761
 [91,] 42.482348
 [92,] 29.223928
 [93,] 24.583548
 [94,] 55.693967
 [95,]  1.452231
 [96,] 47.783170
 [97,] 56.739752
 [98,] 23.153066
 [99,] 73.169206
[100,] 97.518963
[101,]  9.320987
[102,]  2.142909
[103,] 74.061813
[104,]  3.685933
[105,] 36.718293
[106,] 76.390452
[107,] 11.415945
[108,] 51.734544
[109,] 24.693927
[110,] 50.797571
[111,] 90.590425
[112,] 36.506584
[113,] 54.328223
[114,] 60.810415
[115,]  2.591403
[116,] 51.450029
[117,]  2.004961
[118,]  1.530679
[119,]  5.881259
[120,] 27.561218
[121,] 18.087270
[122,] 10.258459
[123,]  2.308134
[124,] 58.218936
[125,] 95.316152
[126,] 11.515858
[127,]  1.801061
[128,] 38.549282
[129,] 42.850736
[130,] 33.532835
[131,] 14.707664
[132,] 52.757915
[133,] 62.268024
[134,] 19.755741
[135,]  8.794479
[136,] 21.941992
[137,] 23.191277
[138,] 27.052520
[139,]  6.977028
[140,] 37.599724
[141,] 28.147915
[142,]  8.284146
[143,]  7.076936
[144,] 83.681874
[145,] 92.497271
[146,] 74.315124
[147,]  1.852285
[148,] 35.258828
[149,] 74.202460
[150,] 33.751034
[151,] 30.267958
[152,]  6.897121
[153,]  4.845715
[154,] 16.981884
[155,] 38.413482
[156,]  9.677375
[157,] 61.104628
[158,] 74.894670
[159,] 11.802372
[160,]  3.466798
[161,] 31.443182
[162,] 75.883858
[163,] 91.930479
[164,]  6.124114
[165,] 11.568241
[166,] 11.195996
[167,] 83.251594
[168,] 66.466025
[169,] 62.233197
[170,] 51.608378
[171,] 49.807917
[172,] 62.601142
[173,] 94.890735
[174,] 12.802927
[175,]  1.493987
[176,] 79.585076
[177,]  1.862363
[178,] 24.719204
[179,] 36.435524
[180,] 23.830092
[181,] 67.166633
[182,] 90.691989
[183,] 21.175004
[184,] 32.520365
[185,] 14.281073
[186,] 37.168668
[187,] 20.619963
[188,] 17.637735
[189,]  1.683465
[190,] 76.442279
[191,] 44.453200
[192,] 79.142405
[193,] 21.119654
[194,]  2.413377
[195,] 67.777445
[196,] 70.579589
[197,]  4.560448
[198,] 88.636711
[199,]  6.131364
[200,]  5.118605
[201,]  3.107755
[202,]  2.564784
[203,] 75.225594
[204,]  2.153032
[205,] 16.385079
[206,] 12.534251
[207,] 42.847299
[208,] 63.044802
[209,] 29.372057
[210,] 87.546485
[211,] 57.063606
[212,] 55.113490
[213,] 10.735203
[214,] 23.202316
[215,] 47.158362
[216,] 70.117823
[217,]  4.746471
[218,] 83.961539
[219,] 29.606129
[220,] 65.452310
[221,] 17.385999
[222,] 47.911311
[223,] 52.361721
[224,]  1.422406
[225,] 23.314591
[226,]  2.080659
[227,] 49.878853
[228,] 31.048238
[229,] 88.571383
[230,]  2.707447
[231,] 39.955969
[232,] 95.258042
[233,]  2.902214
[234,]  3.057747
[235,] 96.267798
[236,] 24.726051
[237,]  4.616578
[238,] 97.611158
[239,]  5.945324
[240,] 10.831999
[241,] 63.973943
[242,] 31.199125
[243,] 95.171503
[244,] 70.118931
[245,] 91.657180
[246,] 85.969551
[247,] 26.563681
[248,] 30.424715
[249,] 79.544426
[250,]  6.165323
[251,] 20.953623
[252,] 82.307409
[253,] 53.950286
[254,] 38.907109
[255,] 99.017527
[256,] 24.864282
[257,] 65.298142
[258,] 23.329249
[259,]  9.828812
[260,] 91.706038
[261,] 94.559800
[262,] 28.928804
[263,]  4.437039
[264,] 31.552301
[265,] 14.425618
[266,]  5.803169
[267,] 15.130221
[268,] 21.830823
[269,] 17.555527
[270,]  7.979360
[271,]  3.002677
[272,] 23.412891
[273,] 59.253579
[274,] 86.668853
[275,] 86.442773
[276,]  1.443491
[277,] 58.407141
[278,]  2.683141
[279,] 12.500575
[280,] 43.223950
[281,] 56.964998
[282,] 20.403429
[283,] 31.833842
[284,] 51.497187
[285,] 51.327519
[286,] 15.035516
[287,] 97.934372
[288,] 49.893416
[289,] 13.705043
[290,] 49.327887
[291,] 98.394573
[292,]  1.913836
[293,] 34.964801
[294,] 20.866998
[295,] 54.496263
[296,] 42.117527
[297,]  2.381829
[298,]  6.285106
[299,] 42.248006
[300,] 45.268637
> cleanoutput <- cbind(testdata,log(testdata^2), as.data.frame(net.results$net.result))
> colnames(cleanoutput) <- c("Wejscie","Oczekiwane Wyjscie","Wyjscie sieci neuronowej")
> print(cleanoutput)
     Wejscie Oczekiwane Wyjscie Wyjscie sieci neuronowej
1   5.621926         3.45334880                31.621178
2   3.252817         2.35904298                10.621047
3   1.599450         0.93931924                 2.780771
4   5.478381         3.40161925                30.027152
5   6.235382         3.66047958                38.884536
6   1.932210         1.31732875                 3.883053
7   9.278266         4.45534930                86.081774
8   4.427947         2.97587230                19.614095
9   6.752123         3.81971402                45.583532
10  5.038535         3.23423065                25.394716
11  2.195212         1.57255725                 4.921713
12  6.428463         3.72147106                41.324170
13  5.991137         3.58056242                35.904649
14  2.040966         1.42684676                 4.294185
15  1.014970         0.02971839                 1.356835
16  1.598039         0.93755454                 2.776580
17  4.584770         3.04548000                21.025295
18  9.550232         4.51313085                91.216010
19  9.714987         4.54733946                94.391344
20  6.146701         3.63183094                37.788984
21  6.386759         3.70845402                40.790882
22  7.268519         3.96710512                52.826791
23  4.471455         2.99542782                20.000501
24  5.685280         3.47576079                32.337411
25  8.960599         4.38567407                80.280593
26  7.748064         4.09488608                60.039437
27  2.725923         2.00561381                 7.482712
28  7.076986         3.91369623                50.075992
29  8.980095         4.39002083                80.630347
30  4.738587         3.11147805                22.458952
31  2.667539         1.96231301                 7.170764
32  2.555295         1.87633547                 6.591785
33  6.333207         3.69161338                40.111222
34  2.630069         1.93402043                 6.974437
35  6.856886         3.85050687                47.008405
36  2.076519         1.46138628                 4.434182
37  7.118461         3.92538322                50.665262
38  5.722013         3.48864145                32.756251
39  2.065910         1.45114129                 4.392114
40  4.655463         3.07608260                21.678103
41  8.784949         4.34607973                77.166073
42  4.746678         3.11489004                22.535719
43  5.561834         3.43185572                30.948998
44  5.606641         3.44790352                31.449533
45  2.768340         2.03649555                 7.713943
46  4.065244         2.80494763                16.544276
47  9.353894         4.47158551                87.494663
48  7.513201         4.03332313                56.449624
49  1.849870         1.23023124                 3.588748
50  3.402722         2.44915140                11.616486
51  8.503125         4.28086760                72.302872
52  7.419856         4.00831917                55.053277
53  8.647456         4.31453026                74.773265
54  6.400200         3.71265841                40.962367
55  1.676256         1.03312593                 3.014950
56  5.037279         3.23373229                25.382047
57  3.869710         2.70635935                14.999861
58  4.758944         3.12005138                22.652351
59  6.388040         3.70885491                40.807202
60  4.963808         3.20434632                24.646132
61  3.931843         2.73821677                15.482345
62  4.761358         3.12106589                22.675348
63  2.595863         1.90783807                 6.797874
64  4.420267         2.97240026                19.546290
65  7.870258         4.12618175                61.949770
66  6.769428         3.82483326                45.817331
67  4.195373         2.86796442                17.614721
68  2.842589         2.08943032                 8.127919
69  6.693949         3.80240790                44.802102
70  7.848986         4.12076881                61.615139
71  8.377961         4.25120918                70.194008
72  9.746167         4.55374819                94.996783
73  3.539209         2.52780651                12.561209
74  5.561674         3.43179830                30.947221
75  9.522200         4.50725180                90.680235
76  2.010575         1.39684195                 4.176709
77  2.005414         1.39170058                 4.156956
78  1.717075         1.08124438                 3.144251
79  1.870685         1.25260890                 3.661777
80  3.497281         2.50397151                12.267117
81  6.139956         3.62963527                37.706303
82  6.979883         3.88606424                48.710277
83  8.962435         4.38608388                80.313501
84  9.518073         4.50638478                90.601475
85  9.598945         4.52330635                92.150331
86  7.001892         3.89236073                49.018115
87  9.307713         4.46168685                86.630491
88  9.380002         4.47715998                87.985151
89  7.478796         4.02414356                55.932930
90  1.047913         0.09360031                 1.421761
91  6.518101         3.74916622                42.482348
92  5.404645         3.37451742                29.223928
93  4.957509         3.20180667                24.583548
94  7.462830         4.01986951                55.693967
95  1.063088         0.12235567                 1.452231
96  6.913161         3.86685384                47.783170
97  7.532451         4.03844092                56.739752
98  4.811234         3.14190733                23.153066
99  8.554019         4.29280240                73.169206
100 9.875451         4.58010404                97.518963
101 3.045969         2.22763842                 9.320987
102 1.367416         0.62584575                 2.142909
103 8.606140         4.30495178                74.061813
104 1.877512         1.25989493                 3.685933
105 6.058791         3.60302039                36.718293
106 8.740626         4.33596363                76.390452
107 3.373052         2.43163566                11.415945
108 7.193094         3.94624280                51.734544
109 4.968613         3.20628146                24.693927
110 7.127740         3.92798834                50.797571
111 9.517494         4.50626309                90.590425
112 6.041259         3.59722478                36.506584
113 7.370918         3.99508452                54.328223
114 7.797603         4.10763267                60.810415
115 1.534338         0.85619865                 2.591403
116 7.173314         3.94073540                51.450029
117 1.311846         0.54287015                 2.004961
118 1.101362         0.19309521                 1.530679
119 2.409558         1.75888661                 5.881259
120 5.248785         3.31599310                27.561218
121 4.251525         2.89455529                18.087270
122 3.196482         2.32410148                10.258459
123 1.431198         0.71702327                 2.308134
124 7.629847         4.06413551                58.218936
125 9.762589         4.55711531                95.316152
126 3.387866         2.44040033                11.515858
127 1.225361         0.40647123                 1.801061
128 6.208378         3.65179928                38.549282
129 6.546350         3.75781543                42.850736
130 5.789524         3.51210018                33.532835
131 3.831594         2.68656201                14.707664
132 7.263786         3.96580248                52.757915
133 7.890438         4.13130323                62.268024
134 4.443948         2.98308613                19.755741
135 2.958010         2.16903353                 8.794479
136 4.683725         3.08818766                21.941992
137 4.815201         3.14355546                23.191277
138 5.200179         3.29738627                27.052520
139 2.630568         1.93439928                 6.977028
140 6.131252         3.62679789                37.599724
141 5.304295         3.33703383                28.147915
142 2.870079         2.10867896                 8.284146
143 2.649704         1.94889609                 7.076936
144 9.148291         4.42713414                83.681874
145 9.616981         4.52706069                92.497271
146 8.620873         4.30837279                74.315124
147 1.247610         0.44245988                 1.852285
148 5.936901         3.56237444                35.258828
149 8.614324         4.30685270                74.202460
150 5.808356         3.51859508                33.751034
151 5.500299         3.40960507                30.267958
152 2.615151         1.92264390                 6.897121
153 2.177198         1.55607710                 4.845715
154 4.118948         2.83119546                16.981884
155 6.197406         3.64826168                38.413482
156 3.104059         2.26542119                 9.677375
157 7.816427         4.11245504                61.104628
158 8.654486         4.31615556                74.894670
159 3.429999         2.46511975                11.802372
160 1.814514         1.19163531                 3.466798
161 5.606074         3.44770148                31.443182
162 8.711550         4.32929952                75.883858
163 9.587501         4.52092060                91.930479
164 2.460463         1.80069875                 6.124114
165 3.395607         2.44496525                11.568241
166 3.340211         2.41206795                11.195996
167 9.124777         4.42198699                83.251594
168 8.152137         4.19656012                66.466025
169 7.888232         4.13074403                62.233197
170 7.184329         3.94380437                51.608378
171 7.058035         3.90833325                49.807917
172 7.911507         4.13663649                62.601142
173 9.740710         4.55262809                94.890735
174 3.573309         2.54698425                12.802927
175 1.083600         0.16057743                 1.493987
176 8.921693         4.37697144                79.585076
177 1.251945         0.44939711                 1.862363
178 4.971152         3.20730336                24.719204
179 6.035363         3.59527199                36.435524
180 4.881023         3.17070951                23.830092
181 8.195033         4.20705647                67.166633
182 9.522816         4.50738112                90.691989
183 4.601082         3.05258287                21.175004
184 5.701354         3.48140731                32.520365
185 3.775262         2.65693958                14.281073
186 6.095921         3.61523986                37.168668
187 4.540302         3.02598714                20.619963
188 4.198125         2.86927618                17.637735
189 1.172846         0.31886679                 1.683465
190 8.743595         4.33664285                76.442279
191 6.667805         3.79458149                44.453200
192 8.896836         4.37139142                79.142405
193 4.595058         3.04996280                21.119654
194 1.470381         0.77104377                 2.413377
195 8.232256         4.21612031                67.777445
196 8.400983         4.25669738                70.579589
197 2.107997         1.49147646                 4.560448
198 9.414571         4.48451717                88.636711
199 2.461964         1.80191889                 6.131364
200 2.241111         1.61394389                 5.118605
201 1.705662         1.06790642                 3.107755
202 1.524952         0.84392567                 2.564784
203 8.673619         4.32057227                75.225594
204 1.371408         0.63167636                 2.153032
205 4.045528         2.79522426                16.385079
206 3.535386         2.52564498                12.534251
207 6.546087         3.75773507                42.847299
208 7.939484         4.14369653                63.044802
209 5.418317         3.37957035                29.372057
210 9.356656         4.47217596                87.546485
211 7.553881         4.04412293                57.063606
212 7.423905         4.00941040                55.113490
213 3.270354         2.36979627                10.735203
214 4.816346         3.14403111                23.202316
215 6.867815         3.85369214                47.158362
216 8.373405         4.25012126                70.117823
217 2.153412         1.53410748                 4.746471
218 9.163539         4.43046487                83.961539
219 5.439852         3.38750388                29.606129
220 8.089685         4.18117948                65.452310
221 4.167916         2.85483235                17.385999
222 6.922422         3.86953151                47.911311
223 7.236502         3.95827585                52.361721
224 1.048236         0.09421726                 1.422406
225 4.827978         3.14885566                23.314591
226 1.342615         0.58923780                 2.080659
227 7.063054         3.90975520                49.878853
228 5.570745         3.43505770                31.048238
229 9.411111         4.48378194                88.571383
230 1.574576         0.90797147                 2.707447
231 6.320910         3.68772622                39.955969
232 9.759602         4.55650334                95.258042
233 1.639765         0.98910536                 2.902214
234 1.689886         1.04932225                 3.057747
235 9.811428         4.56709567                96.267798
236 4.971840         3.20757998                24.726051
237 2.121818         1.50454672                 4.616578
238 9.880162         4.58105781                97.611158
239 2.423104         1.77009873                 5.945324
240 3.285150         2.37882485                10.831999
241 7.997771         4.15832583                63.973943
242 5.584268         3.43990681                31.199125
243 9.755153         4.55559141                95.171503
244 8.373471         4.25013709                70.118931
245 9.573260         4.51794751                91.657180
246 9.272231         4.45404807                85.969551
247 5.153042         3.27917461                26.563681
248 5.514522         3.41476998                30.424715
249 8.919413         4.37646038                79.544426
250 2.468983         1.80761270                 6.165323
251 4.576940         3.04206125                20.953623
252 9.072950         4.41059481                82.307409
253 7.345279         3.98811551                53.950286
254 6.237196         3.66106133                38.907109
255 9.951925         4.59553200                99.017527
256 4.985702         3.21314830                24.864282
257 8.080146         4.17881996                65.298142
258 4.829495         3.14948378                23.329249
259 3.128411         2.28105030                 9.828812
260 9.575807         4.51847961                91.706038
261 9.723669         4.54912603                94.559800
262 5.377304         3.36437428                28.928804
263 2.077238         1.46207797                 4.437039
264 5.615798         3.45116726                31.552301
265 3.794442         2.66707484                14.425618
266 2.392929         1.74503637                 5.803169
267 3.886595         2.71506716                15.130221
268 4.671841         3.08310633                21.830823
269 4.188285         2.86458254                17.555527
270 2.816184         2.07076543                 7.979360
271 1.672326         1.02843065                 3.002677
272 4.838139         3.15306044                23.412891
273 7.697251         4.08172646                59.253579
274 9.309768         4.46212839                86.668853
275 9.297650         4.45952338                86.442773
276 1.058753         0.11418341                 1.443491
277 7.642151         4.06735824                58.407141
278 1.566237         0.89735229                 2.683141
279 3.530605         2.52293821                12.500575
280 6.574843         3.76650143                43.223950
281 7.547362         4.04239625                56.964998
282 4.516360         3.01541290                20.403429
283 5.640809         3.46005513                31.833842
284 7.176596         3.94165036                51.497187
285 7.164779         3.93835446                51.327519
286 3.874336         2.70874855                15.035516
287 9.896670         4.58439658                97.934372
288 7.064085         3.91004687                49.893416
289 3.697851         2.61550385                13.705043
290 7.023967         3.89865634                49.327887
291 9.920157         4.58913750                98.394573
292 1.273871         0.48412089                 1.913836
293 5.912047         3.55398436                34.964801
294 4.567457         3.03791332                20.866998
295 7.382289         3.99816750                54.496263
296 6.490002         3.74052561                42.117527
297 1.458748         0.75515644                 2.381829
298 2.493564         1.82742612                 6.285106
299 6.500066         3.74362462                42.248006
300 6.728743         3.81277671                45.268637